#Comparison Operators
5 < 6
5 < -6 #Not 5 <-6 thats assignment
5 > 6
5 <= 6
5 >= 6
5 == 6
5 != 6

#Vector Comparison
v <- c(1,2,4,5)
v < 2
v == 3

v2 <- c(10,20,30,40)
v < v2
